  0.00000000   0.00000000
  0.00200000   0.01408510
  0.00400000   0.02852819
  0.00600000   0.04066196
  0.00800000   0.05016377
  0.01000000   0.05743677
  0.01200000   0.06348246
  0.01400000   0.06960180
  0.01600000   0.07701351
  0.01800000   0.08650339
  0.02000000   0.09820996
  0.02200000   0.11161059
  0.02400000   0.12571089
  0.02600000   0.13937605
  0.02800000   0.15169772
  0.03000000   0.16227756
  0.03200000   0.17133582
  0.03400000   0.17961033
  0.03600000   0.18808180
  0.03800000   0.19762032
  0.04000000   0.20867521
  0.04200000   0.22111612
  0.04400000   0.23428066
  0.04600000   0.24721134
  0.04800000   0.25899723
  0.05000000   0.26909786
  0.05200000   0.27753251
  0.05400000   0.28486647
  0.05600000   0.29199878
  0.05800000   0.29982889
  0.06000000   0.30892411
  0.06200000   0.31931021
  0.06400000   0.33046244
  0.06600000   0.34150067
  0.06800000   0.35151645
  0.07000000   0.35991062
  0.07200000   0.36661580
  0.07400000   0.37212037
  0.07600000   0.37728481
  0.07800000   0.38301895
  0.08000000   0.38994085
  0.08200000   0.39814559
  0.08400000   0.40717085
  0.08600000   0.41617255
  0.08800000   0.42424440
  0.09000000   0.43076103
  0.09200000   0.43561499
  0.09400000   0.43925807
  0.09600000   0.44253113
  0.09800000   0.44634666
  0.10000000   0.45134435
  0.10200000   0.45765012
  0.10400000   0.46483002
  0.10600000   0.47205664
  0.10800000   0.47842484
  0.11000000   0.48329702
  0.11200000   0.48654669
  0.11400000   0.48860770
  0.11600000   0.49031049
  0.11800000   0.49256740
  0.12000000   0.49602691
  0.12200000   0.50082834
  0.12400000   0.50655032
  0.12600000   0.51237287
  0.12800000   0.51739115
  0.13000000   0.52096159
  0.13200000   0.52294833
  0.13400000   0.52377621
  0.13600000   0.52426994
  0.13800000   0.52534089
  0.14000000   0.52764079
  0.14200000   0.53131449
  0.14400000   0.53594597
  0.14600000   0.54071832
  0.14800000   0.54472653
  0.15000000   0.54732390
  0.15200000   0.54836983
  0.15400000   0.54828443
  0.15600000   0.54788917
  0.15800000   0.54809438
  0.16000000   0.54955273
  0.16200000   0.55241115
  0.16400000   0.55625572
  0.16600000   0.56027063
  0.16800000   0.56355049
  0.17000000   0.56544687
  0.17200000   0.56581660
  0.17400000   0.56507725
  0.17600000   0.56404841
  0.17800000   0.56363948
  0.18000000   0.56450324
  0.18200000   0.56678723
  0.18400000   0.57007822
  0.18600000   0.57356064
  0.18800000   0.57632870
  0.19000000   0.57773292
  0.19200000   0.57762871
  0.19400000   0.57643220
  0.19600000   0.57496182
  0.19800000   0.57412631
  0.20000000   0.57457822
  0.20200000   0.57646517
  0.20400000   0.57937401
  0.20600000   0.58248913
  0.20800000   0.58490436
  0.21000000   0.58596955
  0.21200000   0.58553930
  0.21400000   0.58402885
  0.21600000   0.58225595
  0.21800000   0.58112885
  0.22000000   0.58129981
  0.22200000   0.58291636
  0.22400000   0.58556527
  0.22600000   0.58843072
  0.22800000   0.59060627
  0.23000000   0.59144132
  0.23200000   0.59078995
  0.23400000   0.58906689
  0.23600000   0.58708943
  0.23800000   0.58576549
  0.24000000   0.58574712
  0.24200000   0.58718168
  0.24400000   0.58965582
  0.24600000   0.59235357
  0.24800000   0.59436821
  0.25000000   0.59504887
  0.25200000   0.59424925
  0.25400000   0.59238377
  0.25600000   0.59026942
  0.25800000   0.58881392
  0.26000000   0.58866916
  0.26200000   0.58998240
  0.26400000   0.59234018
  0.26600000   0.59492638
  0.26800000   0.59683410
  0.27000000   0.59741221
  0.27200000   0.59651416
  0.27400000   0.59455412
  0.27600000   0.59234888
  0.27800000   0.59080607
  0.28000000   0.59057752
  0.28200000   0.59181048
  0.28400000   0.59409142
  0.28600000   0.59660413
  0.28800000   0.59844152
  0.29000000   0.59895221
  0.29200000   0.59798938
  0.29400000   0.59596697
  0.29600000   0.59370168
  0.29800000   0.59210109
  0.30000000   0.59181715
  0.30200000   0.59299721
  0.30400000   0.59522781
  0.30600000   0.59769266
  0.30800000   0.59948445
  0.31000000   0.59995144
  0.31200000   0.59894644
  0.31400000   0.59688310
  0.31600000   0.59457802
  0.31800000   0.59293892
  0.32000000   0.59261807
  0.32200000   0.59376318
  0.32400000   0.59596107
  0.32600000   0.59839542
  0.32800000   0.60015857
  0.33000000   0.60059816
  0.33200000   0.59956631
  0.33400000   0.59747615
  0.33600000   0.59514414
  0.33800000   0.59347840
  0.34000000   0.59313195
  0.34200000   0.59425343
  0.34400000   0.59643030
  0.34600000   0.59884635
  0.34800000   0.60059326
  0.35000000   0.60101746
  0.35200000   0.59996961
  0.35400000   0.59786178
  0.35600000   0.59551018
  0.35800000   0.59382374
  0.36000000   0.59345723
  0.36200000   0.59456132
  0.36400000   0.59672500
  0.36600000   0.59913237
  0.36800000   0.60087386
  0.37000000   0.60129327
  0.37200000   0.60023818
  0.37400000   0.59811829
  0.37600000   0.59574927
  0.37800000   0.59404193
  0.38000000   0.59365493
  0.38200000   0.59474356
  0.38400000   0.59690038
  0.38600000   0.59931014
  0.38800000   0.60106008
  0.39000000   0.60148741
  0.39200000   0.60043158
  0.39400000   0.59829541
  0.39600000   0.59589197
  0.39800000   0.59413540
  0.40000000   0.59369351
  0.40200000   0.59473420
  0.40400000   0.59686193
  0.40600000   0.59926829
  0.40800000   0.60103925
  0.41000000   0.60150214
  0.41200000   0.60048079
  0.41400000   0.59836207
  0.41600000   0.59594888
  0.41800000   0.59415566
  0.42000000   0.59366207
  0.42200000   0.59465591
  0.42400000   0.59676246
  0.42600000   0.59918645
  0.42800000   0.60101269
  0.43000000   0.60155135
  0.43200000   0.60059775
  0.43400000   0.59850899
  0.43600000   0.59606915
  0.43800000   0.59419440
  0.44000000   0.59358935
  0.44200000   0.59448338
  0.44400000   0.59654543
  0.44600000   0.59900819
  0.44800000   0.60095440
  0.45000000   0.60165792
  0.45200000   0.60085282
  0.45400000   0.59883118
  0.45600000   0.59633473
  0.45800000   0.59428166
  0.46000000   0.59342988
  0.46200000   0.59410041
  0.46400000   0.59606078
  0.46600000   0.59860939
  0.46800000   0.60082804
  0.47000000   0.60191066
  0.47200000   0.60145023
  0.47400000   0.59958343
  0.47600000   0.59694446
  0.47800000   0.59444752
  0.48000000   0.59297548
  0.48200000   0.59308172
  0.48400000   0.59480355
  0.48600000   0.59764333
  0.48800000   0.60071552
  0.49000000   0.60300311
  0.49200000   0.60363604
  0.49400000   0.60210329
  0.49600000   0.59834008
  0.49800000   0.59267656
  0.50000000   0.58568030
  0.50200000   0.57795488
  0.50400000   0.56996316
  0.50600000   0.56192688
  0.50800000   0.55382246
  0.51000000   0.54545853
  0.51200000   0.53659601
  0.51400000   0.52706319
  0.51600000   0.51682740
  0.51800000   0.50600515
  0.52000000   0.49481691
  0.52200000   0.48351056
  0.52400000   0.47228524
  0.52600000   0.46124206
  0.52800000   0.45037555
  0.53000000   0.43960270
  0.53200000   0.42881432
  0.53400000   0.41792730
  0.53600000   0.40691941
  0.53800000   0.39583664
  0.54000000   0.38477455
  0.54200000   0.37384381
  0.54400000   0.36313441
  0.54600000   0.35269149
  0.54800000   0.34250976
  0.55000000   0.33254615
  0.55200000   0.32274369
  0.55400000   0.31305666
  0.55600000   0.30346805
  0.55800000   0.29399406
  0.56000000   0.28467572
  0.56200000   0.27556255
  0.56400000   0.26669483
  0.56600000   0.25809123
  0.56800000   0.24974545
  0.57000000   0.24163202
  0.57200000   0.23371798
  0.57400000   0.22597568
  0.57600000   0.21839195
  0.57800000   0.21097081
  0.58000000   0.20372948
  0.58200000   0.19669012
  0.58400000   0.18987043
  0.58600000   0.18327699
  0.58800000   0.17690316
  0.59000000   0.17073192
  0.59200000   0.16474217
  0.59400000   0.15891568
  0.59600000   0.15324230
  0.59800000   0.14772169
  0.60000000   0.14236118
  0.60200000   0.13717107
  0.60400000   0.13215928
  0.60600000   0.12732725
  0.60800000   0.12266865
  0.61000000   0.11817098
  0.61200000   0.11381935
  0.61400000   0.10960078
  0.61600000   0.10550753
  0.61800000   0.10153816
  0.62000000   0.09769629
  0.62200000   0.09398751
  0.62400000   0.09041579
  0.62600000   0.08698076
  0.62800000   0.08367675
  0.63000000   0.08049391
  0.63200000   0.07742085
  0.63400000   0.07444773
  0.63600000   0.07156860
  0.63800000   0.06878225
  0.64000000   0.06609124
  0.64200000   0.06349955
  0.64400000   0.06100985
  0.64600000   0.05862140
  0.64800000   0.05632929
  0.65000000   0.05412537
  0.65200000   0.05200036
  0.65400000   0.04994637
  0.65600000   0.04795880
  0.65800000   0.04603707
  0.66000000   0.04418369
  0.66200000   0.04240236
  0.66400000   0.04069554
  0.66600000   0.03906269
  0.66800000   0.03749962
  0.67000000   0.03599932
  0.67200000   0.03455385
  0.67400000   0.03315657
  0.67600000   0.03180390
  0.67800000   0.03049587
  0.68000000   0.02923534
  0.68200000   0.02802617
  0.68400000   0.02687104
  0.68600000   0.02576975
  0.68800000   0.02471874
  0.69000000   0.02371176
  0.69200000   0.02274177
  0.69400000   0.02180296
  0.69600000   0.02089248
  0.69800000   0.02001088
  0.70000000   0.01916141
  0.70200000   0.01834824
  0.70400000   0.01757435
  0.70600000   0.01683991
  0.70800000   0.01614182
  0.71000000   0.01547440
  0.71200000   0.01483117
  0.71400000   0.01420691
  0.71600000   0.01359926
  0.71800000   0.01300920
  0.72000000   0.01244031
  0.72200000   0.01189705
  0.72400000   0.01138268
  0.72600000   0.01089769
  0.72800000   0.01043933
  0.73000000   0.01000230
  0.73200000   0.00958053
  0.73400000   0.00916918
  0.73600000   0.00876622
  0.73800000   0.00837295
  0.74000000   0.00799321
  0.74200000   0.00763168
  0.74400000   0.00729187
  0.74600000   0.00697452
  0.74800000   0.00667712
  0.75000000   0.00639465
  0.75200000   0.00612131
  0.75400000   0.00585252
  0.75600000   0.00558648
  0.75800000   0.00532469
  0.76000000   0.00507118
  0.76200000   0.00483082
  0.76400000   0.00460728
  0.76600000   0.00440149
  0.76800000   0.00421113
  0.77000000   0.00403138
  0.77200000   0.00385663
  0.77400000   0.00368247
  0.77600000   0.00350725
  0.77800000   0.00333260
  0.78000000   0.00316266
  0.78200000   0.00300240
  0.78400000   0.00285564
  0.78600000   0.00272345
  0.78800000   0.00260368
  0.79000000   0.00249166
  0.79200000   0.00238193
  0.79400000   0.00227018
  0.79600000   0.00215484
  0.79800000   0.00203758
  0.80000000   0.00192259
  0.80200000   0.00181491
  0.80400000   0.00171843
  0.80600000   0.00163438
  0.80800000   0.00156076
  0.81000000   0.00149307
  0.81200000   0.00142598
  0.81400000   0.00135525
  0.81600000   0.00127931
  0.81800000   0.00119976
  0.82000000   0.00112075
  0.82200000   0.00104731
  0.82400000   0.00098340
  0.82600000   0.00093042
  0.82800000   0.00088660
  0.83000000   0.00084768
  0.83200000   0.00080848
  0.83400000   0.00076481
  0.83600000   0.00071498
  0.83800000   0.00066039
  0.84000000   0.00060496
  0.84200000   0.00055359
  0.84400000   0.00051032
  0.84600000   0.00047678
  0.84800000   0.00045166
  0.85000000   0.00043111
  0.85200000   0.00041025
  0.85400000   0.00038488
  0.85600000   0.00035301
  0.85800000   0.00031553
  0.86000000   0.00027578
  0.86200000   0.00023830
  0.86400000   0.00020719
  0.86600000   0.00018465
  0.86800000   0.00017020
  0.87000000   0.00016095
  0.87200000   0.00015260
  0.87400000   0.00014091
  0.87600000   0.00012310
  0.87800000   0.00009868
  0.88000000   0.00006954
  0.88200000   0.00003938
  0.88400000   0.00001259
  0.88600000   0.00000000
  0.88800000   0.00000000
  0.89000000   0.00000000
  0.89200000   0.00000000
  0.89400000   0.00001525
  0.89600000   0.00003805
