  0.00000000   0.00000000
  0.00200000   0.01422140
  0.00400000   0.02705563
  0.00600000   0.03860417
  0.00800000   0.04896190
  0.01000000   0.05821750
  0.01200000   0.06645384
  0.01400000   0.07374832
  0.01600000   0.08017323
  0.01800000   0.08579602
  0.02000000   0.09067967
  0.02200000   0.09488289
  0.02400000   0.09846043
  0.02600000   0.10146333
  0.02800000   0.10393913
  0.03000000   0.10593210
  0.03200000   0.10748344
  0.03400000   0.10863150
  0.03600000   0.10941192
  0.03800000   0.10985783
  0.04000000   0.11000000
  0.04200000   0.10986700
  0.04400000   0.10948533
  0.04600000   0.10887956
  0.04800000   0.10807246
  0.05000000   0.10708511
  0.05200000   0.10593701
  0.05400000   0.10464618
  0.05600000   0.10322929
  0.05800000   0.10170169
  0.06000000   0.10007756
  0.06200000   0.09836994
  0.06400000   0.09659085
  0.06600000   0.09475131
  0.06800000   0.09286145
  0.07000000   0.09093056
  0.07200000   0.08896713
  0.07400000   0.08697894
  0.07600000   0.08497306
  0.07800000   0.08295595
  0.08000000   0.08093348
  0.08200000   0.07891096
  0.08400000   0.07689322
  0.08600000   0.07488460
  0.08800000   0.07288900
  0.09000000   0.07090994
  0.09200000   0.06895054
  0.09400000   0.06701361
  0.09600000   0.06510160
  0.09800000   0.06321669
  0.10000000   0.06136079
  0.10200000   0.07375696
  0.10400000   0.08479804
  0.10600000   0.09458672
  0.10800000   0.10321891
  0.11000000   0.11078412
  0.11200000   0.11736590
  0.11400000   0.12304217
  0.11600000   0.12788562
  0.11800000   0.13196396
  0.12000000   0.13534031
  0.12200000   0.13807345
  0.12400000   0.14021807
  0.12600000   0.14182509
  0.12800000   0.14294184
  0.13000000   0.14361232
  0.13200000   0.14387740
  0.13400000   0.14377504
  0.13600000   0.14334044
  0.13800000   0.14260625
  0.14000000   0.14160272
  0.14200000   0.14035789
  0.14400000   0.13889766
  0.14600000   0.13724602
  0.14800000   0.13542510
  0.15000000   0.13345535
  0.15200000   0.13135561
  0.15400000   0.12914325
  0.15600000   0.12683425
  0.15800000   0.12444329
  0.16000000   0.12198387
  0.16200000   0.11946834
  0.16400000   0.11690804
  0.16600000   0.11431330
  0.16800000   0.11169359
  0.17000000   0.10905750
  0.17200000   0.10641287
  0.17400000   0.10376680
  0.17600000   0.10112572
  0.17800000   0.09849544
  0.18000000   0.09588118
  0.18200000   0.09328764
  0.18400000   0.09071902
  0.18600000   0.08817906
  0.18800000   0.08567106
  0.19000000   0.08319796
  0.19200000   0.08076231
  0.19400000   0.07836635
  0.19600000   0.07601199
  0.19800000   0.07370088
  0.20000000   0.07143440
  0.20200000   0.08343509
  0.20400000   0.09409531
  0.20600000   0.10351726
  0.20800000   0.11179638
  0.21000000   0.11902171
  0.21200000   0.12527637
  0.21400000   0.13063783
  0.21600000   0.13517836
  0.21800000   0.13896526
  0.22000000   0.14206126
  0.22200000   0.14452473
  0.22400000   0.14641000
  0.22600000   0.14776763
  0.22800000   0.14864458
  0.23000000   0.14908452
  0.23200000   0.14912798
  0.23400000   0.14881260
  0.23600000   0.14817327
  0.23800000   0.14724234
  0.24000000   0.14604977
  0.24200000   0.14462330
  0.24400000   0.14298858
  0.24600000   0.14116932
  0.24800000   0.13918740
  0.25000000   0.13706302
  0.25200000   0.13481479
  0.25400000   0.13245983
  0.25600000   0.13001392
  0.25800000   0.12749152
  0.26000000   0.12490591
  0.26200000   0.12226926
  0.26400000   0.11959269
  0.26600000   0.11688637
  0.26800000   0.11415957
  0.27000000   0.11142072
  0.27200000   0.10867748
  0.27400000   0.10593681
  0.27600000   0.10320496
  0.27800000   0.10048760
  0.28000000   0.09778982
  0.28200000   0.09511617
  0.28400000   0.09247070
  0.28600000   0.08985704
  0.28800000   0.08727837
  0.29000000   0.08473750
  0.29200000   0.08223686
  0.29400000   0.07977859
  0.29600000   0.07736450
  0.29800000   0.07499612
  0.30000000   0.07267473
  0.30200000   0.08462280
  0.30400000   0.09523258
  0.30600000   0.10460618
  0.30800000   0.11283896
  0.31000000   0.12001989
  0.31200000   0.12623199
  0.31400000   0.13155267
  0.31600000   0.13605412
  0.31800000   0.13980359
  0.32000000   0.14286371
  0.32200000   0.14529282
  0.32400000   0.14714517
  0.32600000   0.14847126
  0.32800000   0.14931800
  0.33000000   0.14972900
  0.33200000   0.14974475
  0.33400000   0.14940282
  0.33600000   0.14873807
  0.33800000   0.14778279
  0.34000000   0.14656690
  0.34200000   0.14511811
  0.34400000   0.14346201
  0.34600000   0.14162227
  0.34800000   0.13962076
  0.35000000   0.13747761
  0.35200000   0.13521141
  0.35400000   0.13283926
  0.35600000   0.13037688
  0.35800000   0.12783872
  0.36000000   0.12523802
  0.36200000   0.12258692
  0.36400000   0.11989653
  0.36600000   0.11717698
  0.36800000   0.11443752
  0.37000000   0.11168655
  0.37200000   0.10893172
  0.37400000   0.10617994
  0.37600000   0.10343747
  0.37800000   0.10070995
  0.38000000   0.09800245
  0.38200000   0.09531949
  0.38400000   0.09266512
  0.38600000   0.09004294
  0.38800000   0.08745612
  0.39000000   0.08490745
  0.39200000   0.08239935
  0.39400000   0.07993395
  0.39600000   0.07751302
  0.39800000   0.07513811
  0.40000000   0.07267473
  0.40200000   0.08462280
  0.40400000   0.09523258
  0.40600000   0.10460618
  0.40800000   0.11283896
  0.41000000   0.12001989
  0.41200000   0.12623199
  0.41400000   0.13155267
  0.41600000   0.13605412
  0.41800000   0.13980359
  0.42000000   0.14286371
  0.42200000   0.14529282
  0.42400000   0.14714517
  0.42600000   0.14847126
  0.42800000   0.14931800
  0.43000000   0.14972900
  0.43200000   0.14974475
  0.43400000   0.14940282
  0.43600000   0.14873807
  0.43800000   0.14778279
  0.44000000   0.14656690
  0.44200000   0.14511811
  0.44400000   0.14346201
  0.44600000   0.14162227
  0.44800000   0.13962076
  0.45000000   0.13747761
  0.45200000   0.13521141
  0.45400000   0.13283926
  0.45600000   0.13037688
  0.45800000   0.12783872
  0.46000000   0.12523802
  0.46200000   0.12258692
  0.46400000   0.11989653
  0.46600000   0.11717698
  0.46800000   0.11443752
  0.47000000   0.11168655
  0.47200000   0.10893172
  0.47400000   0.10617994
  0.47600000   0.10343747
  0.47800000   0.10070995
  0.48000000   0.09800245
  0.48200000   0.09531949
  0.48400000   0.09266512
  0.48600000   0.09004294
  0.48800000   0.08745612
  0.49000000   0.08490745
  0.49200000   0.08239935
  0.49400000   0.07993395
  0.49600000   0.07751302
  0.49800000   0.07513811
  0.50000000   0.07267473
  0.50200000   0.07040140
  0.50400000   0.06817694
  0.50600000   0.06600201
  0.50800000   0.06387706
  0.51000000   0.06180239
  0.51200000   0.05977815
  0.51400000   0.05780435
  0.51600000   0.05588089
  0.51800000   0.05400756
  0.52000000   0.05218404
  0.52200000   0.05040993
  0.52400000   0.04868474
  0.52600000   0.04700793
  0.52800000   0.04537887
  0.53000000   0.04379690
  0.53200000   0.04226131
  0.53400000   0.04077132
  0.53600000   0.03932614
  0.53800000   0.03792496
  0.54000000   0.03656690
  0.54200000   0.03525111
  0.54400000   0.03397668
  0.54600000   0.03274272
  0.54800000   0.03154830
  0.55000000   0.03039250
  0.55200000   0.02927440
  0.55400000   0.02819308
  0.55600000   0.02714759
  0.55800000   0.02613703
  0.56000000   0.02516046
  0.56200000   0.02421698
  0.56400000   0.02330568
  0.56600000   0.02242567
  0.56800000   0.02157606
  0.57000000   0.02075599
  0.57200000   0.01996458
  0.57400000   0.01920100
  0.57600000   0.01846441
  0.57800000   0.01775400
  0.58000000   0.01706897
  0.58200000   0.01640852
  0.58400000   0.01577190
  0.58600000   0.01515834
  0.58800000   0.01456712
  0.59000000   0.01399751
  0.59200000   0.01344881
  0.59400000   0.01292034
  0.59600000   0.01241143
  0.59800000   0.01192142
  0.60000000   0.01131394
  0.60200000   0.01086584
  0.60400000   0.01043454
  0.60600000   0.01001946
  0.60800000   0.00962005
  0.61000000   0.00923577
  0.61200000   0.00886609
  0.61400000   0.00851050
  0.61600000   0.00816851
  0.61800000   0.00783963
  0.62000000   0.00752340
  0.62200000   0.00721937
  0.62400000   0.00692710
  0.62600000   0.00664617
  0.62800000   0.00637616
  0.63000000   0.00611668
  0.63200000   0.00586735
  0.63400000   0.00562778
  0.63600000   0.00539763
  0.63800000   0.00517654
  0.64000000   0.00496418
  0.64200000   0.00476022
  0.64400000   0.00456434
  0.64600000   0.00437625
  0.64800000   0.00419565
  0.65000000   0.00402226
  0.65200000   0.00385580
  0.65400000   0.00369601
  0.65600000   0.00354263
  0.65800000   0.00339542
  0.66000000   0.00325415
  0.66200000   0.00311858
  0.66400000   0.00298849
  0.66600000   0.00286368
  0.66800000   0.00274393
  0.67000000   0.00262905
  0.67200000   0.00251884
  0.67400000   0.00241314
  0.67600000   0.00231175
  0.67800000   0.00221451
  0.68000000   0.00212126
  0.68200000   0.00203184
  0.68400000   0.00194610
  0.68600000   0.00186388
  0.68800000   0.00178506
  0.69000000   0.00170949
  0.69200000   0.00163704
  0.69400000   0.00156760
  0.69600000   0.00150104
  0.69800000   0.00143724
  0.70000000   0.00124034
  0.70200000   0.00118771
  0.70400000   0.00113727
  0.70600000   0.00108892
  0.70800000   0.00104258
  0.71000000   0.00099817
  0.71200000   0.00095562
  0.71400000   0.00091484
  0.71600000   0.00087577
  0.71800000   0.00083833
  0.72000000   0.00080246
  0.72200000   0.00076809
  0.72400000   0.00073517
  0.72600000   0.00070363
  0.72800000   0.00067342
  0.73000000   0.00064448
  0.73200000   0.00061677
  0.73400000   0.00059022
  0.73600000   0.00056480
  0.73800000   0.00054045
  0.74000000   0.00051713
  0.74200000   0.00049481
  0.74400000   0.00047343
  0.74600000   0.00045296
  0.74800000   0.00043336
  0.75000000   0.00041459
  0.75200000   0.00039662
  0.75400000   0.00037942
  0.75600000   0.00036296
  0.75800000   0.00034720
  0.76000000   0.00033211
  0.76200000   0.00031767
  0.76400000   0.00030384
  0.76600000   0.00029061
  0.76800000   0.00027795
  0.77000000   0.00026583
  0.77200000   0.00025423
  0.77400000   0.00024313
  0.77600000   0.00023251
  0.77800000   0.00022235
  0.78000000   0.00021262
  0.78200000   0.00020332
  0.78400000   0.00019442
  0.78600000   0.00018590
  0.78800000   0.00017775
  0.79000000   0.00016995
  0.79200000   0.00016249
  0.79400000   0.00015535
  0.79600000   0.00014853
  0.79800000   0.00014200
  0.80000000   0.00000000
  0.80200000   0.00000000
  0.80400000   0.00000000
  0.80600000   0.00000000
  0.80800000   0.00000000
  0.81000000   0.00000000
  0.81200000   0.00000000
  0.81400000   0.00000000
  0.81600000   0.00000000
  0.81800000   0.00000000
  0.82000000   0.00000000
  0.82200000   0.00000000
  0.82400000   0.00000000
  0.82600000   0.00000000
  0.82800000   0.00000000
  0.83000000   0.00000000
  0.83200000   0.00000000
  0.83400000   0.00000000
  0.83600000   0.00000000
  0.83800000   0.00000000
  0.84000000   0.00000000
  0.84200000   0.00000000
  0.84400000   0.00000000
  0.84600000   0.00000000
  0.84800000   0.00000000
  0.85000000   0.00000000
  0.85200000   0.00000000
  0.85400000   0.00000000
  0.85600000   0.00000000
  0.85800000   0.00000000
  0.86000000   0.00000000
  0.86200000   0.00000000
  0.86400000   0.00000000
  0.86600000   0.00000000
  0.86800000   0.00000000
  0.87000000   0.00000000
  0.87200000   0.00000000
  0.87400000   0.00000000
  0.87600000   0.00000000
  0.87800000   0.00000000
  0.88000000   0.00000000
  0.88200000   0.00000000
  0.88400000   0.00000000
  0.88600000   0.00000000
  0.88800000   0.00000000
  0.89000000   0.00000000
  0.89200000   0.00000000
  0.89400000   0.00000000
  0.89600000   0.00000000
