  0.00000000   0.00000000
  0.00200000   0.01408510
  0.00400000   0.02852819
  0.00600000   0.04066196
  0.00800000   0.05016377
  0.01000000   0.05743677
  0.01200000   0.06348246
  0.01400000   0.06960180
  0.01600000   0.07701351
  0.01800000   0.08650339
  0.02000000   0.09820996
  0.02200000   0.11161059
  0.02400000   0.12571089
  0.02600000   0.13937605
  0.02800000   0.15169772
  0.03000000   0.16227756
  0.03200000   0.17133582
  0.03400000   0.17961033
  0.03600000   0.18808180
  0.03800000   0.19762032
  0.04000000   0.20867521
  0.04200000   0.22111612
  0.04400000   0.23428066
  0.04600000   0.24721134
  0.04800000   0.25899723
  0.05000000   0.26909785
  0.05200000   0.27753251
  0.05400000   0.28486647
  0.05600000   0.29199878
  0.05800000   0.29982889
  0.06000000   0.30892411
  0.06200000   0.31931021
  0.06400000   0.33046244
  0.06600000   0.34150067
  0.06800000   0.35151645
  0.07000000   0.35991062
  0.07200000   0.36661580
  0.07400000   0.37212037
  0.07600000   0.37728481
  0.07800000   0.38301895
  0.08000000   0.38994085
  0.08200000   0.39814559
  0.08400000   0.40717086
  0.08600000   0.41617255
  0.08800000   0.42424440
  0.09000000   0.43076103
  0.09200000   0.43561499
  0.09400000   0.43925807
  0.09600000   0.44253113
  0.09800000   0.44634666
  0.10000000   0.45134435
  0.10200000   0.45765012
  0.10400000   0.46483002
  0.10600000   0.47205664
  0.10800000   0.47842484
  0.11000000   0.48329702
  0.11200000   0.48654669
  0.11400000   0.48860770
  0.11600000   0.49031049
  0.11800000   0.49256740
  0.12000000   0.49602692
  0.12200000   0.50082834
  0.12400000   0.50655032
  0.12600000   0.51237287
  0.12800000   0.51739115
  0.13000000   0.52096159
  0.13200000   0.52294833
  0.13400000   0.52377621
  0.13600000   0.52426994
  0.13800000   0.52534089
  0.14000000   0.52764080
  0.14200000   0.53131449
  0.14400000   0.53594597
  0.14600000   0.54071832
  0.14800000   0.54472652
  0.15000000   0.54732390
  0.15200000   0.54836983
  0.15400000   0.54828442
  0.15600000   0.54788917
  0.15800000   0.54809438
  0.16000000   0.54955273
  0.16200000   0.55241116
  0.16400000   0.55625573
  0.16600000   0.56027063
  0.16800000   0.56355049
  0.17000000   0.56544686
  0.17200000   0.56581659
  0.17400000   0.56507724
  0.17600000   0.56404840
  0.17800000   0.56363949
  0.18000000   0.56450325
  0.18200000   0.56678725
  0.18400000   0.57007823
  0.18600000   0.57356064
  0.18800000   0.57632869
  0.19000000   0.57773290
  0.19200000   0.57762869
  0.19400000   0.57643218
  0.19600000   0.57496181
  0.19800000   0.57412632
  0.20000000   0.57457825
  0.20200000   0.57646520
  0.20400000   0.57937405
  0.20600000   0.58248914
  0.20800000   0.58490435
  0.21000000   0.58596951
  0.21200000   0.58553924
  0.21400000   0.58402880
  0.21600000   0.58225592
  0.21800000   0.58112886
  0.22000000   0.58129987
  0.22200000   0.58291644
  0.22400000   0.58556534
  0.22600000   0.58843076
  0.22800000   0.59060624
  0.23000000   0.59144124
  0.23200000   0.59078983
  0.23400000   0.58906678
  0.23600000   0.58708937
  0.23800000   0.58576552
  0.24000000   0.58574724
  0.24200000   0.58718186
  0.24400000   0.58965599
  0.24600000   0.59235365
  0.24800000   0.59436817
  0.25000000   0.59504870
  0.25200000   0.59424900
  0.25400000   0.59238354
  0.25600000   0.59026930
  0.25800000   0.58881398
  0.26000000   0.58866940
  0.26200000   0.58998277
  0.26400000   0.59234053
  0.26600000   0.59492657
  0.26800000   0.59683403
  0.27000000   0.59741186
  0.27200000   0.59651363
  0.27400000   0.59455359
  0.27600000   0.59234859
  0.27800000   0.59080617
  0.28000000   0.59057803
  0.28200000   0.59181126
  0.28400000   0.59409220
  0.28600000   0.59660458
  0.28800000   0.59844140
  0.29000000   0.59895147
  0.29200000   0.59798823
  0.29400000   0.59596582
  0.29600000   0.59370099
  0.29800000   0.59210124
  0.30000000   0.59181821
  0.30200000   0.59299889
  0.30400000   0.59522952
  0.30600000   0.59769370
  0.30800000   0.59948427
  0.31000000   0.59994992
  0.31200000   0.59894398
  0.31400000   0.59688057
  0.31600000   0.59457644
  0.31800000   0.59293911
  0.32000000   0.59262024
  0.32200000   0.59376677
  0.32400000   0.59596482
  0.32600000   0.59839781
  0.32800000   0.60015838
  0.33000000   0.60059505
  0.33200000   0.59956107
  0.33400000   0.59747060
  0.33600000   0.59514052
  0.33800000   0.59347853
  0.34000000   0.59313640
  0.34200000   0.59426108
  0.34400000   0.59643851
  0.34600000   0.59885182
  0.34800000   0.60059328
  0.35000000   0.60101110
  0.35200000   0.59995846
  0.35400000   0.59784964
  0.35600000   0.59550192
  0.35800000   0.59382342
  0.36000000   0.59346630
  0.36200000   0.59457758
  0.36400000   0.59674293
  0.36600000   0.59914483
  0.36800000   0.60087478
  0.37000000   0.60128034
  0.37200000   0.60021447
  0.37400000   0.59809180
  0.37600000   0.59573050
  0.37800000   0.59403994
  0.38000000   0.59367331
  0.38200000   0.59477811
  0.38400000   0.59693949
  0.38600000   0.59933838
  0.38800000   0.60106397
  0.39000000   0.60146129
  0.39200000   0.60038126
  0.39400000   0.59823771
  0.39600000   0.59584952
  0.39800000   0.59412830
  0.40000000   0.59373058
  0.40200000   0.59480744
  0.40400000   0.59694704
  0.40600000   0.59933204
  0.40800000   0.60105170
  0.41000000   0.60144961
  0.41200000   0.60037423
  0.41400000   0.59823659
  0.41600000   0.59585326
  0.41800000   0.59413445
  0.42000000   0.59373643
  0.42200000   0.59481094
  0.42400000   0.59694740
  0.42600000   0.59932970
  0.42800000   0.60104798
  0.43000000   0.60144607
  0.43200000   0.60037211
  0.43400000   0.59823641
  0.43600000   0.59585478
  0.43800000   0.59413686
  0.44000000   0.59373872
  0.44200000   0.59481233
  0.44400000   0.59694752
  0.44600000   0.59932870
  0.44800000   0.60104638
  0.45000000   0.60144454
  0.45200000   0.60037117
  0.45400000   0.59823632
  0.45600000   0.59585544
  0.45800000   0.59413793
  0.46000000   0.59373976
  0.46200000   0.59481297
  0.46400000   0.59694759
  0.46600000   0.59932826
  0.46800000   0.60104566
  0.47000000   0.60144383
  0.47200000   0.60037073
  0.47400000   0.59823626
  0.47600000   0.59585573
  0.47800000   0.59413841
  0.48000000   0.59374024
  0.48200000   0.59481328
  0.48400000   0.59694764
  0.48600000   0.59932807
  0.48800000   0.60104533
  0.49000000   0.60144350
  0.49200000   0.60037051
  0.49400000   0.59823622
  0.49600000   0.59585585
  0.49800000   0.59413863
  0.50000000   0.59374047
  0.50200000   0.59481343
  0.50400000   0.59694767
  0.50600000   0.59932799
  0.50800000   0.60104518
  0.51000000   0.60144335
  0.51200000   0.60037041
  0.51400000   0.59823619
  0.51600000   0.59585591
  0.51800000   0.59413874
  0.52000000   0.59374057
  0.52200000   0.59481350
  0.52400000   0.59694769
  0.52600000   0.59932796
  0.52800000   0.60104512
  0.53000000   0.60144328
  0.53200000   0.60037036
  0.53400000   0.59823618
  0.53600000   0.59585593
  0.53800000   0.59413878
  0.54000000   0.59374062
  0.54200000   0.59481354
  0.54400000   0.59694770
  0.54600000   0.59932794
  0.54800000   0.60104509
  0.55000000   0.60144324
  0.55200000   0.60037033
  0.55400000   0.59823617
  0.55600000   0.59585594
  0.55800000   0.59413880
  0.56000000   0.59374065
  0.56200000   0.59481355
  0.56400000   0.59694771
  0.56600000   0.59932794
  0.56800000   0.60104507
  0.57000000   0.60144323
  0.57200000   0.60037032
  0.57400000   0.59823617
  0.57600000   0.59585594
  0.57800000   0.59413881
  0.58000000   0.59374066
  0.58200000   0.59481356
  0.58400000   0.59694771
  0.58600000   0.59932793
  0.58800000   0.60104507
  0.59000000   0.60144322
  0.59200000   0.60037032
  0.59400000   0.59823617
  0.59600000   0.59585595
  0.59800000   0.59413881
  0.60000000   0.59374066
  0.60200000   0.59481356
  0.60400000   0.59694771
  0.60600000   0.59932793
  0.60800000   0.60104506
  0.61000000   0.60144322
  0.61200000   0.60037031
  0.61400000   0.59823617
  0.61600000   0.59585595
  0.61800000   0.59413882
  0.62000000   0.59374066
  0.62200000   0.59481357
  0.62400000   0.59694771
  0.62600000   0.59932793
  0.62800000   0.60104506
  0.63000000   0.60144322
  0.63200000   0.60037031
  0.63400000   0.59823617
  0.63600000   0.59585595
  0.63800000   0.59413882
  0.64000000   0.59374066
  0.64200000   0.59481357
  0.64400000   0.59694771
  0.64600000   0.59932793
  0.64800000   0.60104506
  0.65000000   0.60144322
  0.65200000   0.60037031
  0.65400000   0.59823617
  0.65600000   0.59585595
  0.65800000   0.59413882
  0.66000000   0.59374066
  0.66200000   0.59481357
  0.66400000   0.59694771
  0.66600000   0.59932793
  0.66800000   0.60104506
  0.67000000   0.60144321
  0.67200000   0.60037031
  0.67400000   0.59823617
  0.67600000   0.59585595
  0.67800000   0.59413882
  0.68000000   0.59374066
  0.68200000   0.59481357
  0.68400000   0.59694771
  0.68600000   0.59932793
  0.68800000   0.60104506
  0.69000000   0.60144321
  0.69200000   0.60037031
  0.69400000   0.59823617
  0.69600000   0.59585595
  0.69800000   0.59413882
  0.70000000   0.59374066
  0.70200000   0.59481357
  0.70400000   0.59694771
  0.70600000   0.59932793
  0.70800000   0.60104506
  0.71000000   0.60144321
  0.71200000   0.60037031
  0.71400000   0.59823617
  0.71600000   0.59585595
  0.71800000   0.59413882
  0.72000000   0.59374066
  0.72200000   0.59481357
  0.72400000   0.59694771
  0.72600000   0.59932793
  0.72800000   0.60104506
  0.73000000   0.60144321
  0.73200000   0.60037031
  0.73400000   0.59823617
  0.73600000   0.59585595
  0.73800000   0.59413882
  0.74000000   0.59374066
  0.74200000   0.59481357
  0.74400000   0.59694771
  0.74600000   0.59932793
  0.74800000   0.60104506
  0.75000000   0.60144321
  0.75200000   0.60037031
  0.75400000   0.59823617
  0.75600000   0.59585595
  0.75800000   0.59413882
  0.76000000   0.59374066
  0.76200000   0.59481357
  0.76400000   0.59694771
  0.76600000   0.59932793
  0.76800000   0.60104506
  0.77000000   0.60144321
  0.77200000   0.60037031
  0.77400000   0.59823617
  0.77600000   0.59585595
  0.77800000   0.59413882
  0.78000000   0.59374066
  0.78200000   0.59481357
  0.78400000   0.59694771
  0.78600000   0.59932793
  0.78800000   0.60104506
  0.79000000   0.60144321
  0.79200000   0.60037031
  0.79400000   0.59823617
  0.79600000   0.59585595
  0.79800000   0.59413882
  0.80000000   0.59374066
  0.80200000   0.59481357
  0.80400000   0.59694771
  0.80600000   0.59932793
  0.80800000   0.60104506
  0.81000000   0.60144321
  0.81200000   0.60037031
  0.81400000   0.59823617
  0.81600000   0.59585595
  0.81800000   0.59413882
  0.82000000   0.59374066
  0.82200000   0.59481357
  0.82400000   0.59694771
  0.82600000   0.59932793
  0.82800000   0.60104506
  0.83000000   0.60144321
  0.83200000   0.60037031
  0.83400000   0.59823617
  0.83600000   0.59585595
  0.83800000   0.59413882
  0.84000000   0.59374066
  0.84200000   0.59481357
  0.84400000   0.59694771
  0.84600000   0.59932793
  0.84800000   0.60104506
  0.85000000   0.60144321
  0.85200000   0.60037031
  0.85400000   0.59823617
  0.85600000   0.59585595
  0.85800000   0.59413882
  0.86000000   0.59374066
  0.86200000   0.59481357
  0.86400000   0.59694771
  0.86600000   0.59932793
  0.86800000   0.60104506
  0.87000000   0.60144321
  0.87200000   0.60037031
  0.87400000   0.59823617
  0.87600000   0.59585595
  0.87800000   0.59413882
  0.88000000   0.59374066
  0.88200000   0.59481357
  0.88400000   0.59694771
  0.88600000   0.59932793
  0.88800000   0.60104506
  0.89000000   0.60144321
  0.89200000   0.60037031
  0.89400000   0.59823617
  0.89600000   0.59585595
  0.89800000   0.59413882
  0.90000000   0.59374066
  0.90200000   0.59481357
  0.90400000   0.59694771
  0.90600000   0.59932793
  0.90800000   0.60104506
  0.91000000   0.60144321
  0.91200000   0.60037031
  0.91400000   0.59823617
  0.91600000   0.59585595
  0.91800000   0.59413882
  0.92000000   0.59374066
  0.92200000   0.59481357
  0.92400000   0.59694771
  0.92600000   0.59932793
  0.92800000   0.60104506
  0.93000000   0.60144321
  0.93200000   0.60037031
  0.93400000   0.59823617
  0.93600000   0.59585595
  0.93800000   0.59413882
  0.94000000   0.59374066
  0.94200000   0.59481357
  0.94400000   0.59694771
  0.94600000   0.59932793
  0.94800000   0.60104506
  0.95000000   0.60144321
  0.95200000   0.60037031
  0.95400000   0.59823617
  0.95600000   0.59585595
  0.95800000   0.59413882
  0.96000000   0.59374066
  0.96200000   0.59481357
  0.96400000   0.59694771
  0.96600000   0.59932793
  0.96800000   0.60104506
  0.97000000   0.60144321
  0.97200000   0.60037031
  0.97400000   0.59823617
  0.97600000   0.59585595
  0.97800000   0.59413882
  0.98000000   0.59374066
  0.98200000   0.59481357
  0.98400000   0.59694771
  0.98600000   0.59932793
  0.98800000   0.60104506
  0.99000000   0.60144321
  0.99200000   0.60037031
  0.99400000   0.59823617
  0.99600000   0.59585595
  0.99800000   0.59413882
  1.00000000   0.59374066
  1.00200000   0.59481357
  1.00400000   0.59694771
  1.00600000   0.59932793
  1.00800000   0.60104506
  1.01000000   0.60144321
  1.01200000   0.60037031
  1.01400000   0.59823617
  1.01600000   0.59585595
  1.01800000   0.59413882
  1.02000000   0.59374066
  1.02200000   0.59481357
  1.02400000   0.59694771
  1.02600000   0.59932793
  1.02800000   0.60104506
  1.03000000   0.60144321
  1.03200000   0.60037031
  1.03400000   0.59823617
  1.03600000   0.59585595
  1.03800000   0.59413882
  1.04000000   0.59374066
  1.04200000   0.59481357
  1.04400000   0.59694771
  1.04600000   0.59932793
  1.04800000   0.60104506
  1.05000000   0.60144321
  1.05200000   0.60037031
  1.05400000   0.59823617
  1.05600000   0.59585595
  1.05800000   0.59413882
  1.06000000   0.59374066
  1.06200000   0.59481357
  1.06400000   0.59694771
  1.06600000   0.59932793
  1.06800000   0.60104506
  1.07000000   0.60144321
  1.07200000   0.60037031
  1.07400000   0.59823617
  1.07600000   0.59585595
  1.07800000   0.59413882
  1.08000000   0.59374066
  1.08200000   0.59481357
  1.08400000   0.59694771
  1.08600000   0.59932793
  1.08800000   0.60104506
  1.09000000   0.60144321
  1.09200000   0.60037031
  1.09400000   0.59823617
  1.09600000   0.59585595
  1.09800000   0.59413882
  1.10000000   0.59374066
  1.10200000   0.59481357
  1.10400000   0.59694771
  1.10600000   0.59932793
  1.10800000   0.60104506
  1.11000000   0.60144321
  1.11200000   0.60037031
  1.11400000   0.59823617
  1.11600000   0.59585595
  1.11800000   0.59413882
  1.12000000   0.59374066
  1.12200000   0.59481357
  1.12400000   0.59694771
  1.12600000   0.59932793
  1.12800000   0.60104506
  1.13000000   0.60144321
  1.13200000   0.60037031
  1.13400000   0.59823617
  1.13600000   0.59585595
  1.13800000   0.59413882
  1.14000000   0.59374066
  1.14200000   0.59481357
  1.14400000   0.59694771
  1.14600000   0.59932793
  1.14800000   0.60104506
  1.15000000   0.60144321
  1.15200000   0.60037031
  1.15400000   0.59823617
  1.15600000   0.59585595
  1.15800000   0.59413882
  1.16000000   0.59374066
  1.16200000   0.59481357
  1.16400000   0.59694771
  1.16600000   0.59932793
  1.16800000   0.60104506
  1.17000000   0.60144321
  1.17200000   0.60037031
  1.17400000   0.59823617
  1.17600000   0.59585595
  1.17800000   0.59413882
  1.18000000   0.59374066
  1.18200000   0.59481357
  1.18400000   0.59694771
  1.18600000   0.59932793
  1.18800000   0.60104506
  1.19000000   0.60144321
  1.19200000   0.60037031
  1.19400000   0.59823617
  1.19600000   0.59585595
  1.19800000   0.59413882
  1.20000000   0.59374066
  1.20200000   0.59481357
  1.20400000   0.59694771
  1.20600000   0.59932793
  1.20800000   0.60104506
  1.21000000   0.60144321
  1.21200000   0.60037031
  1.21400000   0.59823617
  1.21600000   0.59585595
  1.21800000   0.59413882
  1.22000000   0.59374066
  1.22200000   0.59481357
  1.22400000   0.59694771
  1.22600000   0.59932793
  1.22800000   0.60104506
  1.23000000   0.60144321
  1.23200000   0.60037031
  1.23400000   0.59823617
  1.23600000   0.59585595
  1.23800000   0.59413882
  1.24000000   0.59374066
  1.24200000   0.59481357
  1.24400000   0.59694771
  1.24600000   0.59932793
  1.24800000   0.60104506
  1.25000000   0.60144321
  1.25200000   0.60037031
  1.25400000   0.59823617
  1.25600000   0.59585595
  1.25800000   0.59413882
  1.26000000   0.59374066
  1.26200000   0.59481357
  1.26400000   0.59694771
  1.26600000   0.59932793
  1.26800000   0.60104506
  1.27000000   0.60144321
  1.27200000   0.60037031
  1.27400000   0.59823617
  1.27600000   0.59585595
  1.27800000   0.59413882
  1.28000000   0.59374066
  1.28200000   0.59481357
  1.28400000   0.59694771
  1.28600000   0.59932793
  1.28800000   0.60104506
  1.29000000   0.60144321
  1.29200000   0.60037031
  1.29400000   0.59823617
  1.29600000   0.59585595
  1.29800000   0.59413882
  1.30000000   0.59374066
  1.30200000   0.59481357
  1.30400000   0.59694771
  1.30600000   0.59932793
  1.30800000   0.60104506
  1.31000000   0.60144321
  1.31200000   0.60037031
  1.31400000   0.59823617
  1.31600000   0.59585595
  1.31800000   0.59413882
  1.32000000   0.59374066
  1.32200000   0.59481357
  1.32400000   0.59694771
  1.32600000   0.59932793
  1.32800000   0.60104506
  1.33000000   0.60144321
  1.33200000   0.60037031
  1.33400000   0.59823617
  1.33600000   0.59585595
  1.33800000   0.59413882
  1.34000000   0.59374066
  1.34200000   0.59481357
  1.34400000   0.59694771
  1.34600000   0.59932793
  1.34800000   0.60104506
  1.35000000   0.60144321
  1.35200000   0.60037031
  1.35400000   0.59823617
  1.35600000   0.59585595
  1.35800000   0.59413882
  1.36000000   0.59374066
  1.36200000   0.59481357
  1.36400000   0.59694771
  1.36600000   0.59932793
  1.36800000   0.60104506
  1.37000000   0.60144321
  1.37200000   0.60037031
  1.37400000   0.59823617
  1.37600000   0.59585595
  1.37800000   0.59413882
  1.38000000   0.59374066
  1.38200000   0.59481357
  1.38400000   0.59694771
  1.38600000   0.59932793
  1.38800000   0.60104506
  1.39000000   0.60144321
  1.39200000   0.60037031
  1.39400000   0.59823617
  1.39600000   0.59585595
  1.39800000   0.59413882
  1.40000000   0.59374066
  1.40200000   0.59481357
  1.40400000   0.59694771
  1.40600000   0.59932793
  1.40800000   0.60104506
  1.41000000   0.60144321
  1.41200000   0.60037031
  1.41400000   0.59823617
  1.41600000   0.59585595
  1.41800000   0.59413882
  1.42000000   0.59374066
  1.42200000   0.59481357
  1.42400000   0.59694771
  1.42600000   0.59932793
  1.42800000   0.60104506
  1.43000000   0.60144321
  1.43200000   0.60037031
  1.43400000   0.59823617
  1.43600000   0.59585595
  1.43800000   0.59413882
  1.44000000   0.59374066
  1.44200000   0.59481357
  1.44400000   0.59694771
  1.44600000   0.59932793
  1.44800000   0.60104506
  1.45000000   0.60144321
  1.45200000   0.60037031
  1.45400000   0.59823617
  1.45600000   0.59585595
  1.45800000   0.59413882
  1.46000000   0.59374066
  1.46200000   0.59481357
  1.46400000   0.59694771
  1.46600000   0.59932793
  1.46800000   0.60104506
  1.47000000   0.60144321
  1.47200000   0.60037031
  1.47400000   0.59823617
  1.47600000   0.59585595
  1.47800000   0.59413882
  1.48000000   0.59374066
  1.48200000   0.59481357
  1.48400000   0.59694771
  1.48600000   0.59932793
  1.48800000   0.60104506
  1.49000000   0.60144321
  1.49200000   0.60037031
  1.49400000   0.59823617
  1.49600000   0.59585595
  1.49800000   0.59413882
  1.50000000   0.59374066
  1.50200000   0.59481357
  1.50400000   0.59694771
  1.50600000   0.59932793
  1.50800000   0.60104506
  1.51000000   0.60144321
  1.51200000   0.60037031
  1.51400000   0.59823617
  1.51600000   0.59585595
  1.51800000   0.59413882
  1.52000000   0.59374066
  1.52200000   0.59481357
  1.52400000   0.59694771
  1.52600000   0.59932793
  1.52800000   0.60104506
  1.53000000   0.60144321
  1.53200000   0.60037031
  1.53400000   0.59823617
  1.53600000   0.59585595
  1.53800000   0.59413882
  1.54000000   0.59374066
  1.54200000   0.59481357
  1.54400000   0.59694771
  1.54600000   0.59932793
  1.54800000   0.60104506
  1.55000000   0.60144321
  1.55200000   0.60037031
  1.55400000   0.59823617
  1.55600000   0.59585595
  1.55800000   0.59413882
  1.56000000   0.59374066
  1.56200000   0.59481357
  1.56400000   0.59694771
  1.56600000   0.59932793
  1.56800000   0.60104506
  1.57000000   0.60144321
  1.57200000   0.60037031
  1.57400000   0.59823617
  1.57600000   0.59585595
  1.57800000   0.59413882
  1.58000000   0.59374066
  1.58200000   0.59481357
  1.58400000   0.59694771
  1.58600000   0.59932793
  1.58800000   0.60104506
  1.59000000   0.60144322
  1.59200000   0.60037031
  1.59400000   0.59823617
  1.59600000   0.59585595
  1.59800000   0.59413882
  1.60000000   0.59374066
  1.60200000   0.59481357
  1.60400000   0.59694771
  1.60600000   0.59932793
  1.60800000   0.60104506
  1.61000000   0.60144322
  1.61200000   0.60037031
  1.61400000   0.59823617
  1.61600000   0.59585595
  1.61800000   0.59413882
  1.62000000   0.59374066
  1.62200000   0.59481357
  1.62400000   0.59694771
  1.62600000   0.59932793
  1.62800000   0.60104506
  1.63000000   0.60144322
  1.63200000   0.60037031
  1.63400000   0.59823617
  1.63600000   0.59585595
  1.63800000   0.59413882
  1.64000000   0.59374066
  1.64200000   0.59481356
  1.64400000   0.59694771
  1.64600000   0.59932793
  1.64800000   0.60104506
  1.65000000   0.60144322
  1.65200000   0.60037032
  1.65400000   0.59823617
  1.65600000   0.59585595
  1.65800000   0.59413882
  1.66000000   0.59374066
  1.66200000   0.59481356
  1.66400000   0.59694771
  1.66600000   0.59932793
  1.66800000   0.60104506
  1.67000000   0.60144322
  1.67200000   0.60037032
  1.67400000   0.59823618
  1.67600000   0.59585595
  1.67800000   0.59413881
  1.68000000   0.59374065
  1.68200000   0.59481355
  1.68400000   0.59694770
  1.68600000   0.59932793
  1.68800000   0.60104507
  1.69000000   0.60144323
  1.69200000   0.60037034
  1.69400000   0.59823619
  1.69600000   0.59585596
  1.69800000   0.59413881
  1.70000000   0.59374064
  1.70200000   0.59481353
  1.70400000   0.59694768
  1.70600000   0.59932792
  1.70800000   0.60104507
  1.71000000   0.60144325
  1.71200000   0.60037037
  1.71400000   0.59823621
  1.71600000   0.59585597
  1.71800000   0.59413880
  1.72000000   0.59374061
  1.72200000   0.59481349
  1.72400000   0.59694764
  1.72600000   0.59932790
  1.72800000   0.60104509
  1.73000000   0.60144330
  1.73200000   0.60037043
  1.73400000   0.59823627
  1.73600000   0.59585600
  1.73800000   0.59413879
  1.74000000   0.59374055
  1.74200000   0.59481340
  1.74400000   0.59694755
  1.74600000   0.59932785
  1.74800000   0.60104510
  1.75000000   0.60144339
  1.75200000   0.60037056
  1.75400000   0.59823640
  1.75600000   0.59585607
  1.75800000   0.59413876
  1.76000000   0.59374042
  1.76200000   0.59481320
  1.76400000   0.59694736
  1.76600000   0.59932774
  1.76800000   0.60104514
  1.77000000   0.60144357
  1.77200000   0.60037085
  1.77400000   0.59823669
  1.77600000   0.59585624
  1.77800000   0.59413872
  1.78000000   0.59374015
  1.78200000   0.59481278
  1.78400000   0.59694694
  1.78600000   0.59932748
  1.78800000   0.60104518
  1.79000000   0.60144395
  1.79200000   0.60037146
  1.79400000   0.59823732
  1.79600000   0.59585663
  1.79800000   0.59413867
  1.80000000   0.59373961
  1.80200000   0.59481189
  1.80400000   0.59694600
  1.80600000   0.59932689
  1.80800000   0.60104524
  1.81000000   0.60144473
  1.81200000   0.60037277
  1.81400000   0.59823870
  1.81600000   0.59585752
  1.81800000   0.59413863
  1.82000000   0.59373849
  1.82200000   0.59480998
  1.82400000   0.59694396
  1.82600000   0.59932554
  1.82800000   0.60104525
  1.83000000   0.60144633
  1.83200000   0.60037555
  1.83400000   0.59824172
  1.83600000   0.59585957
  1.83800000   0.59413869
  1.84000000   0.59373621
  1.84200000   0.59480592
  1.84400000   0.59693950
  1.84600000   0.59932246
  1.84800000   0.60104505
  1.85000000   0.60144957
  1.85200000   0.60038147
  1.85400000   0.59824830
  1.85600000   0.59586421
  1.85800000   0.59413914
  1.86000000   0.59373160
  1.86200000   0.59479730
  1.86400000   0.59692978
  1.86600000   0.59931547
  1.86800000   0.60104414
  1.87000000   0.60145614
  1.87200000   0.60039403
  1.87400000   0.59826266
  1.87600000   0.59587471
  1.87800000   0.59414082
  1.88000000   0.59372228
  1.88200000   0.59477902
  1.88400000   0.59690861
  1.88600000   0.59929969
  1.88800000   0.60104118
  1.89000000   0.60146934
  1.89200000   0.60042063
  1.89400000   0.59829387
  1.89600000   0.59589840
  1.89800000   0.59414592
  1.90000000   0.59370360
  1.90200000   0.59474033
  1.90400000   0.59686260
  1.90600000   0.59926419
  1.90800000   0.60103261
  1.91000000   0.60149574
  1.91200000   0.60047688
  1.91400000   0.59836165
  1.91600000   0.59595156
  1.91800000   0.59416002
  1.92000000   0.59366630
  1.92200000   0.59465853
  1.92400000   0.59676277
  1.92600000   0.59918468
  1.92800000   0.60100977
  1.93000000   0.60154849
  1.93200000   0.60059596
  1.93400000   0.59850875
  1.93600000   0.59607031
  1.93800000   0.59419636
  1.94000000   0.59359130
  1.94200000   0.59448462
  1.94400000   0.59654562
  1.94600000   0.59900742
  1.94800000   0.60095308
  1.95000000   0.60165660
  1.95200000   0.60085197
  1.95400000   0.59883102
  1.95600000   0.59633523
  1.95800000   0.59428255
  1.96000000   0.59343079
  1.96200000   0.59410100
  1.96400000   0.59606090
  1.96600000   0.59860906
  1.96800000   0.60082744
  1.97000000   0.60191004
  1.97200000   0.60144982
  1.97400000   0.59958333
  1.97600000   0.59694467
  1.97800000   0.59444793
  1.98000000   0.59297590
  1.98200000   0.59308201
  1.98400000   0.59480362
  1.98600000   0.59764319
  1.98800000   0.60071524
  1.99000000   0.60300283
  1.99200000   0.60363584
  1.99400000   0.60210324
  1.99600000   0.59834018
  1.99800000   0.59267675
  2.00000000   0.58568050
  2.00200000   0.57795502
  2.00400000   0.56996320
  2.00600000   0.56192682
  2.00800000   0.55382234
  2.01000000   0.54545840
  2.01200000   0.53659591
  2.01400000   0.52706316
  2.01600000   0.51682744
  2.01800000   0.50600524
  2.02000000   0.49481700
  2.02200000   0.48351063
  2.02400000   0.47228526
  2.02600000   0.46124204
  2.02800000   0.45037550
  2.03000000   0.43960264
  2.03200000   0.42881427
  2.03400000   0.41792729
  2.03600000   0.40691943
  2.03800000   0.39583668
  2.04000000   0.38477459
  2.04200000   0.37384384
  2.04400000   0.36313442
  2.04600000   0.35269148
  2.04800000   0.34250974
  2.05000000   0.33254613
  2.05200000   0.32274366
  2.05400000   0.31305665
  2.05600000   0.30346806
  2.05800000   0.29399407
  2.06000000   0.28467574
  2.06200000   0.27556256
  2.06400000   0.26669483
  2.06600000   0.25809122
  2.06800000   0.24974544
  2.07000000   0.24163201
  2.07200000   0.23371797
  2.07400000   0.22597567
  2.07600000   0.21839195
  2.07800000   0.21097081
  2.08000000   0.20372949
  2.08200000   0.19669013
  2.08400000   0.18987044
  2.08600000   0.18327699
  2.08800000   0.17690315
  2.09000000   0.17073192
  2.09200000   0.16474217
  2.09400000   0.15891567
  2.09600000   0.15324230
  2.09800000   0.14772170
  2.10000000   0.14236118
  2.10200000   0.13717108
  2.10400000   0.13215928
  2.10600000   0.12732725
  2.10800000   0.12266865
  2.11000000   0.11817098
  2.11200000   0.11381935
  2.11400000   0.10960078
  2.11600000   0.10550753
  2.11800000   0.10153816
  2.12000000   0.09769629
  2.12200000   0.09398751
  2.12400000   0.09041580
  2.12600000   0.08698076
  2.12800000   0.08367675
  2.13000000   0.08049391
  2.13200000   0.07742085
  2.13400000   0.07444773
  2.13600000   0.07156860
  2.13800000   0.06878225
  2.14000000   0.06609124
  2.14200000   0.06349955
  2.14400000   0.06100985
  2.14600000   0.05862140
  2.14800000   0.05632928
  2.15000000   0.05412537
  2.15200000   0.05200036
  2.15400000   0.04994637
  2.15600000   0.04795880
  2.15800000   0.04603707
  2.16000000   0.04418370
  2.16200000   0.04240236
  2.16400000   0.04069555
  2.16600000   0.03906269
  2.16800000   0.03749962
  2.17000000   0.03599932
  2.17200000   0.03455385
  2.17400000   0.03315657
  2.17600000   0.03180390
  2.17800000   0.03049587
  2.18000000   0.02923534
  2.18200000   0.02802617
  2.18400000   0.02687104
  2.18600000   0.02576975
  2.18800000   0.02471874
  2.19000000   0.02371176
  2.19200000   0.02274177
  2.19400000   0.02180296
  2.19600000   0.02089248
  2.19800000   0.02001088
  2.20000000   0.01916141
  2.20200000   0.01834824
  2.20400000   0.01757435
  2.20600000   0.01683991
  2.20800000   0.01614182
  2.21000000   0.01547440
  2.21200000   0.01483117
  2.21400000   0.01420691
  2.21600000   0.01359926
  2.21800000   0.01300920
  2.22000000   0.01244031
  2.22200000   0.01189705
  2.22400000   0.01138268
  2.22600000   0.01089769
  2.22800000   0.01043933
  2.23000000   0.01000230
  2.23200000   0.00958053
  2.23400000   0.00916918
  2.23600000   0.00876622
  2.23800000   0.00837295
  2.24000000   0.00799321
  2.24200000   0.00763168
  2.24400000   0.00729187
  2.24600000   0.00697452
  2.24800000   0.00667712
  2.25000000   0.00639465
  2.25200000   0.00612131
  2.25400000   0.00585252
  2.25600000   0.00558648
  2.25800000   0.00532469
  2.26000000   0.00507118
  2.26200000   0.00483082
  2.26400000   0.00460728
  2.26600000   0.00440149
  2.26800000   0.00421113
  2.27000000   0.00403138
  2.27200000   0.00385663
  2.27400000   0.00368247
  2.27600000   0.00350725
  2.27800000   0.00333260
  2.28000000   0.00316266
  2.28200000   0.00300240
  2.28400000   0.00285564
  2.28600000   0.00272345
  2.28800000   0.00260368
  2.29000000   0.00249166
  2.29200000   0.00238193
  2.29400000   0.00227018
  2.29600000   0.00215484
  2.29800000   0.00203758
  2.30000000   0.00192259
  2.30200000   0.00181491
  2.30400000   0.00171843
  2.30600000   0.00163438
  2.30800000   0.00156076
  2.31000000   0.00149307
  2.31200000   0.00142598
  2.31400000   0.00135525
  2.31600000   0.00127931
  2.31800000   0.00119976
  2.32000000   0.00112075
  2.32200000   0.00104731
  2.32400000   0.00098340
  2.32600000   0.00093042
  2.32800000   0.00088660
  2.33000000   0.00084768
  2.33200000   0.00080848
  2.33400000   0.00076481
  2.33600000   0.00071498
  2.33800000   0.00066039
  2.34000000   0.00060496
  2.34200000   0.00055359
  2.34400000   0.00051032
  2.34600000   0.00047678
  2.34800000   0.00045166
  2.35000000   0.00043111
  2.35200000   0.00041025
  2.35400000   0.00038488
  2.35600000   0.00035301
  2.35800000   0.00031553
  2.36000000   0.00027578
  2.36200000   0.00023830
  2.36400000   0.00020719
  2.36600000   0.00018465
  2.36800000   0.00017020
  2.37000000   0.00016095
  2.37200000   0.00015260
  2.37400000   0.00014091
  2.37600000   0.00012310
  2.37800000   0.00009868
  2.38000000   0.00006954
  2.38200000   0.00003938
  2.38400000   0.00001259
  2.38600000  -0.00000686
  2.38800000  -0.00001631
  2.39000000  -0.00001489
  2.39200000  -0.00000356
  2.39400000   0.00001525
  2.39600000   0.00003805
